 4.83131033662151863e-02
 9.72030177114836802e-03
 7.52873167721129638e-02
 6.79152542221780481e-02
 2.43666123855128432e-02
 2.73659484486816623e-02
 5.81548867122164012e-05
 5.71896936156081684e-02
 2.87130031968440114e-01
 1.35419451788295724e-02
 8.40962800306427616e-02
 2.53580395967842771e-02
 6.81439778124435114e-03
 7.36268782103630115e-02
 6.10981197081879486e-03
 1.00738929535503077e-07
 3.90258556654627456e-02
 1.00815604709969636e-07
 4.17778944277362571e-04
 3.67675024847572557e-02
 1.82932446936333232e-01
 2.01091034929444593e-02
 7.08708469945498604e-02
 2.63133545536788430e-02