 5.99026202917573268e-03
 6.26112685792505341e-02
 6.85457208671023943e-03
 1.00331731205251096e-07
 9.20882077845574243e-02
 6.17187468630964395e-02
 7.60536039962101708e-03
 3.00252821120684348e-02
 2.96781501766079037e-01
 2.76162934338108935e-02
 1.16868630210409413e-01
 1.53177460503965447e-02
 9.89960689821465373e-03
 7.09562507334825093e-02
 7.41991968746515736e-03
 3.04695023841393634e-07
 4.79370300969701388e-02
 1.19231375058461050e-07
 6.02695606852237439e-03
 2.36993344931548701e-02
 1.39898634686901974e-01
 3.11188991193014526e-02
 9.94749082165498621e-02
 2.69807160697671279e-02