 1.26690239951452437e-02
 8.92489151559703736e-02
 1.77126101923990899e-02
 1.00973539762310022e-07
 2.93181694898036027e-01
 1.35878405765676082e-02
 7.51041985828672792e-02
 2.45883251775785884e-02
 8.78038927192999752e-02
 2.01226674727596165e-02
 1.64317255650960829e-04
 5.07274217079177955e-02
 6.02913385962809516e-03
 7.54344235217695586e-02
 5.86075038144021239e-03
 1.00605930744196601e-07
 1.88610998521996448e-01
 1.69696388130576581e-02
 6.60337533297249424e-02
 2.86297012103108629e-02
 1.86569148476077817e+00
 2.64051081703997048e-02
 1.23528983376457492e-02
 1.48930982192027085e-02