 6.19312993654647700e-03
 7.29068564741507386e-02
 6.62449493725122528e-03
 1.00245947758196889e-07
 2.48893393963674936e-01
 2.29648571676981834e-02
 7.08189037254415565e-02
 1.82406003739655730e-02
 2.33116408464993291e-01
 7.51117956492600852e-02
 7.54945396309604760e-03
 2.90434750097089203e-02
 9.12176650188819410e-03
 7.29916702085069147e-02
 7.72548172225442486e-03
 1.80259491317231316e-07
 1.41339961983625251e-01
 2.78371141306331428e-02
 1.01744326897004370e-01
 3.10920187308290977e-02
 1.56179698694227487e-01
 9.89429087808346187e-03
 1.37656107287725017e-02
 1.71549639237469076e-02