 6.49479444064633010e-03
 6.96664376620719505e-02
 7.35862836797990423e-03
 1.18304806376142130e-07
 2.43728624838715879e-01
 2.17937518584147595e-02
 8.10486396108175688e-02
 1.98312827195581964e-02
 2.03728409458914211e-01
 6.73716820695893087e-02
 6.72487623044063561e-03
 2.93701040790014696e-02
 7.65738814085064907e-03
 6.98788415626204890e-02
 1.43889874888563198e-03
 1.43346294189171594e-02
 1.48185705462137274e-01
 2.76016694264256991e-02
 8.74298384642293452e-02
 3.26244419295654633e-02
 1.19060110992857862e-01
 5.29613583191055563e-03
 8.59371245787633048e-02
 7.98426581924449943e-03
 7.95462000656941143e-02
 1.03025362641475354e-01
 4.32339352789238296e-02
