 4.41296641897522872e-06
 3.20564018226462133e-01
 1.00002932275503624e-07
 4.28320047370143175e-02
 1.68840187197075914e-01
 2.67636285285080336e-02
 2.92734446986613828e-01
 3.14797043071123051e-02
 7.40320281191081658e-03
 7.68493513809037909e-02
 1.58070825280371042e-04
 8.35465828286943712e-02
 9.99648330044401860e+02
 2.63225533575631832e-06
 2.89003241477078232e-02
 8.66339371564273791e-02
 5.31886452815342609e-02
 7.43533384282309417e-02
 3.89284851605489757e-01
 2.35599996415354097e-02
 1.00001589042591889e-07
 2.48523994709818563e-01
 1.47998900027086190e-07
 3.93830003906330550e-02
 2.86407850025185533e-02
 3.69202141611106871e-02
 2.00000003772779246e-02
