 6.49404479564136272e-03
 6.96737247817051930e-02
 7.35648547959190467e-03
 1.02533382838211978e-07
 2.43829720993674975e-01
 2.17964127145976010e-02
 8.09434244267420444e-02
 1.98191589569183292e-02
 2.04102103948015617e-01
 6.73769536670172919e-02
 6.74205992678307553e-03
 2.93532695899045119e-02
 7.66200712128255364e-03
 6.98956642536678191e-02
 1.43664435576715223e-03
 1.43378824841906317e-02
 1.48051232813532607e-01
 2.75777143486038191e-02
 8.73321662425660256e-02
 3.26533335865104787e-02
 1.17874123190531838e-01
 5.25028122500641788e-03
 8.53285932870357228e-02
 8.02643150767578216e-03
 7.96508906218724166e-02
 1.03161766468423441e-01
 4.32900324725739929e-02
