 6.49551657688276097e-03
 6.96673334632849500e-02
 7.35536716567450951e-03
 1.05558824040949221e-07
 2.43667771154532892e-01
 2.18041172638275133e-02
 8.09157646508178868e-02
 1.98148535766632695e-02
 2.03552297256593934e-01
 6.73574920812927691e-02
 6.72750651290765587e-03
 2.93730470457469681e-02
 7.65940547870839952e-03
 6.98896224673104943e-02
 1.43722917066751890e-03
 1.43391926930456094e-02
 1.48163505493269565e-01
 2.75921007867381829e-02
 8.74008341851722770e-02
 3.26376382535053036e-02
 1.18838622526371174e-01
 5.29580808466272208e-03
 8.59797646440741276e-02
 7.97665446565106080e-03
 7.96353917671661637e-02
 1.03137625866834087e-01
 4.32813603077120204e-02
