 1.51498311726929652e-01
 1.46582201990897942e-01
 6.26992418596248880e-05
 2.25203900726867433e-02
 1.93781792382228146e-01
 2.22715269682698599e-02
 1.30436828919261755e-01
 2.40179155327538696e-02
 6.57670884902679734e-03
 6.55914702350703094e-02
 3.95086535598916839e-04
 7.16156921841424182e-02
 1.00000052149747668e-07
 3.06449793859586761e-01
 1.00000212974252343e-07
 6.08140897021571120e-02
 4.59198806279702776e-01
 3.11362527998985845e-02
 4.76930787741898565e-01
 3.81639161776092944e-02
 1.76707868941165344e+02
 2.04236130205946061e-02
 8.94997945468105627e+01
 1.92584809189942051e-02
 4.81642398010247025e-02
 6.24865478160176180e-02
 2.70809098149230251e-02
