 6.49279034860241952e-03
 6.96949474679573328e-02
 7.36545878632525412e-03
 1.05816490407970881e-07
 2.44049659471755831e-01
 2.17964662565770378e-02
 8.07567027287012379e-02
 1.98024952261832976e-02
 2.05340754493297861e-01
 6.73819317250844568e-02
 6.78757311006839611e-03
 2.92954140954872870e-02
 7.69263723692352030e-03
 6.99992959514059571e-02
 1.43446201298325776e-03
 1.43031087476371034e-02
 1.46135875139870058e-01
 2.76783143102814280e-02
 8.60782481329169097e-02
 3.25509908064343448e-02
 1.10789677504952125e-01
 4.89102228288294024e-03
 8.05546106990619043e-02
 8.41576362719443673e-03
 7.98517802483403455e-02
 1.03418476910092760e-01
 4.33976757758028492e-02
