 1.82498223889339715e+04
 1.91436915579647757e+04
 1.90404176132590510e+04
 1.95898425228213891e+04
 1.84529957255041227e+04
 1.70756642108182423e+04
 1.66239885628893971e+04
 1.81164290230618790e+04
 1.91550556568158790e+04
 1.82738417962100357e+04
 2.28441267417334020e+04
 1.76932355941282585e+04
 1.54164296027347445e+04
 1.60917414208175614e+04
 2.13897880327505991e+04
 1.56367599708829075e+04
 1.68387991152689792e+04
 1.62644309805510566e+04
 5.03826144074015319e+04
 3.25394123641261831e+04
