 6.32497268732332835e-03
 6.00953376719315507e-02
 8.02819066893988888e-03
 1.14182758847877975e-07
 9.14716118212896279e-02
 5.60969698176690679e-02
 6.44625135044322659e-03
 2.99448761779166142e-02
 2.67317879429269656e-01
 2.62041642962979049e-02
 1.24503841763064796e-01
 1.73399597118061785e-02
 7.20527205986531017e-03
 6.46610454338680252e-02
 2.34990701132633791e-03
 8.88206101941175358e-03
 5.67847042464743115e-02
 1.01256711301633080e-07
 2.76048333292788495e-02
 1.54806760367792087e-02
 1.54919569335738111e-01
 3.55733179350158982e-02
 7.05159516400761799e-02
 2.06156920497605201e-02
 6.16292129485441001e-02
 7.97979541238884593e-02
 3.34770480898349820e-02
