 6.32591813636083997e-03
 6.00984649239001550e-02
 8.02828806811609584e-03
 1.08088727479125283e-07
 9.13960648287957256e-02
 5.60716863040534308e-02
 6.44366394178269315e-03
 2.99471558479006660e-02
 2.67259939195491625e-01
 2.62065655030587520e-02
 1.24514660254219089e-01
 1.73415287024553007e-02
 7.20580729039332381e-03
 6.46640019154311463e-02
 2.35061292924297355e-03
 8.87900479399956338e-03
 5.67758643969280483e-02
 1.00704988887746218e-07
 2.75875372273434970e-02
 1.54833460225590365e-02
 1.54913621239799265e-01
 3.55604913016927884e-02
 7.05250546976558812e-02
 2.06289138990801181e-02
 6.16182591024558995e-02
 7.97847349353053015e-02
 3.34712363979130581e-02
