 6.49467673571755243e-03
 6.96652946779388743e-02
 7.35636258103510542e-03
 1.07877315436777262e-07
 2.43792949214071741e-01
 2.17921405506395043e-02
 8.09735765537303448e-02
 1.98266833539964792e-02
 2.03734097344015763e-01
 6.73657897731561872e-02
 6.73025077002164986e-03
 2.93684012564513729e-02
 7.65801551697693414e-03
 6.98823808443698596e-02
 1.43750254704390627e-03
 1.43385699383768734e-02
 1.48143149362791632e-01
 2.76119323128012246e-02
 8.73936441167903755e-02
 3.26179966070793345e-02
 1.18882211566442089e-01
 5.29410412973550359e-03
 8.59792640983508272e-02
 7.97978108681289197e-03
 7.96211456044569194e-02
 1.03120073810752250e-01
 4.32731881193138823e-02
