-3.98206422362472951e+08
-3.98206423911158860e+08
-3.98206426805872679e+08
-3.98206431930225253e+08
-3.98206442654648781e+08
-3.98206443793076277e+08
-3.98206446262729526e+08
-3.98206453625869274e+08
-3.98206457578538895e+08
-3.98206458835177720e+08
-3.98206468846708477e+08
-3.98206694356109917e+08
-3.98207025205844760e+08
-3.98207045814373791e+08
-3.98207302796406150e+08
-3.98207451358313203e+08
-3.98208436204249620e+08
-3.98208931784941614e+08
-4.25184371554495335e+08
-4.27517700545265734e+08
