 6.33794003335773608e-03
 6.00976856671710802e-02
 7.94768087089599631e-03
 1.03636123610090990e-07
 8.97941240087282572e-02
 5.61031884994605545e-02
 6.36036058252423004e-03
 3.00927268437913772e-02
 2.68636987630676005e-01
 2.62147960714873146e-02
 1.25246920937967104e-01
 1.73314616673051619e-02
 7.20563454183924170e-03
 6.46537004500935680e-02
 2.35748433345336775e-03
 8.83457708170834813e-03
 5.66595132470295651e-02
 1.00155587535748641e-07
 2.74484268019639377e-02
 1.55189745068774424e-02
 1.55047602045565586e-01
 3.55494402759991557e-02
 7.06149301451076267e-02
 2.06285369361324661e-02
 6.15791376930156578e-02
 7.97321353679125017e-02
 3.34501285011217162e-02
