 6.49410700044305948e-03
 6.96760354074200672e-02
 7.35806838936635919e-03
 1.00993114619796732e-07
 2.43717553011954913e-01
 2.17959509360077588e-02
 8.08992566033685384e-02
 1.98211499855027416e-02
 2.04083938791614128e-01
 6.73661241351391354e-02
 6.74349190030025612e-03
 2.93505570993502322e-02
 7.65395431309169767e-03
 6.98695452616140966e-02
 1.43652104065582231e-03
 1.43501654869089643e-02
 1.48332188821895972e-01
 2.75830090193749516e-02
 8.74940865768092935e-02
 3.26469083037577434e-02
 1.19777740873493785e-01
 5.34073822721436216e-03
 8.67083094610127669e-02
 7.92476913866283807e-03
 7.96602418303097165e-02
 1.03170998554854038e-01
 4.32943882714460840e-02
