 1.62498460781630129e+04
 1.84209332799883559e+04
 2.22038927508872002e+04
 2.04451098130838946e+04
 1.79345114214774221e+04
 1.75066252399310470e+04
 1.64221667930465192e+04
 2.13803202547780238e+04
 1.86549857112192549e+04
 2.05154835995053872e+04
 1.77142909950893372e+04
 1.82397150692222640e+04
 1.78301793101485819e+04
 1.81629056763187982e+04
 2.06172365825157613e+04
 1.75550056174537167e+04
 1.62501024291650392e+04
 1.90864241183102131e+04
 3.21209659895561635e+04
 3.88060106471991166e+04
