 6.49524960185496499e-03
 6.96623354921711707e-02
 7.36092923642583333e-03
 1.29561539410300061e-07
 2.43641494054186641e-01
 2.17970012763919925e-02
 8.10594327488775718e-02
 1.98320062026603357e-02
 2.03676608895089706e-01
 6.73567621330378868e-02
 6.72379981677866893e-03
 2.93704058672127934e-02
 7.66015212851618547e-03
 6.98868867955847184e-02
 1.43996257856218376e-03
 1.43201337160057465e-02
 1.47976817133180616e-01
 2.75819253214853732e-02
 8.72927633967166688e-02
 3.26436615890147303e-02
 1.18146068284317604e-01
 5.26392689300325765e-03
 8.51889843984950240e-02
 8.03051645459801344e-03
 7.95219940593089453e-02
 1.02987414626966853e-01
 4.32178313679296433e-02
