 6.07564185466282370e-03
 6.89243931580821589e-02
 1.93673740503871677e-03
 6.73114004352827200e-02
 5.77658903148942748e-01
 6.19276688199641681e-04
 2.22933180853592566e-01
 3.21438036783566381e-04
 2.80294859176900668e-01
 2.93430893226895965e-02
 1.57140106919721828e-01
 1.84136497917934093e-02
 6.97593123676771946e-03
 6.59251869506300991e-02
 1.92603844580607145e-03
 1.42618007664009581e-02
 5.76301883838095108e+00
 1.85350383308403475e-03
 3.10998926697909761e+00
 8.90308664621225487e-03
 1.34264445912349515e+02
 3.34646321890683454e-02
 6.30596727653660736e+01
 2.30260539707639114e-02
 6.11570680440320993e-02
 7.91975584821841549e-02
 3.32464818962977041e-02
