 6.49432490777386746e-03
 6.96611924936006849e-02
 7.35238081404413369e-03
 1.08583177316087888e-07
 2.43299576163502090e-01
 2.17923755558279593e-02
 8.08185570832264388e-02
 1.98299980566979846e-02
 2.03468823692589701e-01
 6.73613669598678577e-02
 6.72592868615343089e-03
 2.93719360436365123e-02
 7.64214072204771194e-03
 6.98299098530162921e-02
 1.43607808549363466e-03
 1.43794923408440845e-02
 1.49128525040135768e-01
 2.75594709420833063e-02
 8.80422535812828283e-02
 3.26728875739765653e-02
 1.22956094349328249e-01
 5.47362507245621830e-03
 8.89914325741665707e-02
 7.76196602679308546e-03
 7.96180383960470861e-02
 1.03116547973389469e-01
 4.32721254792871463e-02
