 6.17294809905055437e-03
 6.94570117908593215e-02
 1.82096150412009217e-01
 7.17578337386719917e-02
 6.70403503903037858e+01
 7.93386137185236244e-04
 1.36748721067126683e-01
 4.22178902395521326e-05
 2.00233876415886497e-01
 3.12383966251948454e-02
 2.19474233295421178e-01
 2.08044979831570054e-02
 4.70387772016017280e-01
 1.27699148039648241e-01
 1.00003911517882636e-07
 9.11782735189160670e-02
 5.31564252447082330e-03
 4.85841377934176435e-02
 7.74250104858032286e-04
 2.41603872216851270e-02
 1.35795500323857343e-01
 2.88188875498455975e-02
 1.19261804981834460e-01
 3.07932832327039545e-02
 3.68087378670938006e-02
 4.76235912198061800e-02
 2.00000128890144291e-02
