 6.32657577968745791e-03
 6.01056185754453090e-02
 8.03079207740134936e-03
 1.07991435330368307e-07
 9.14243511369282752e-02
 5.60687980412403961e-02
 6.44245102443550058e-03
 2.99534188623677804e-02
 2.67274461803753471e-01
 2.62091736232359304e-02
 1.24535166157779889e-01
 1.73384909261402216e-02
 7.20670028613218557e-03
 6.46665446041967545e-02
 2.35010967052804148e-03
 8.88310428450738918e-03
 5.67470098639687726e-02
 1.02516646388149953e-07
 2.75744660630509592e-02
 1.54822802008633027e-02
 1.54882594188860717e-01
 3.55648361416597211e-02
 7.05225087213589424e-02
 2.06264476754752547e-02
 6.16131016776257853e-02
 7.97773654842316715e-02
 3.34685847785173921e-02
