 6.33684867971304362e-03
 6.00504766086403727e-02
 7.99950480561258288e-03
 1.03648728605550759e-07
 8.99711766761156356e-02
 5.59520476857624030e-02
 6.36054387759981202e-03
 3.01030122808894456e-02
 2.66346485633421892e-01
 2.62181892902794735e-02
 1.24383090285272807e-01
 1.73506093809389778e-02
 7.20774504140260161e-03
 6.46767177784920433e-02
 2.35442670162116499e-03
 8.88391886921938156e-03
 5.69997477021556495e-02
 1.01289943220505342e-07
 2.76054517350382833e-02
 1.54815135067926050e-02
 1.55155581342567100e-01
 3.55649232009305552e-02
 7.07694419576379158e-02
 2.06334622037221624e-02
 6.15234208239538588e-02
 7.96603090160932642e-02
 3.34192945985888820e-02
