 6.49573772792170264e-03
 6.96637241315865019e-02
 7.35375188347002322e-03
 1.16353358730536904e-07
 2.43661814642686853e-01
 2.17933510234567009e-02
 8.10041201884881962e-02
 1.98318404255595632e-02
 2.03322851310027836e-01
 6.73476592145426378e-02
 6.71882911315377796e-03
 2.93843726964201461e-02
 7.65744773950558042e-03
 6.98809024633431780e-02
 1.43802258876766283e-03
 1.43412277714236192e-02
 1.48107960999294686e-01
 2.75965569431315116e-02
 8.74024760361675340e-02
 3.26329887747472958e-02
 1.18837700226807341e-01
 5.28603260031201578e-03
 8.58508601243253844e-02
 7.98776462009900649e-03
 7.95680221411063648e-02
 1.03049700901215749e-01
 4.32431379699649357e-02
