 6.32612733290810816e-03
 6.00997077737869395e-02
 8.02816566214914658e-03
 1.06685078385550667e-07
 9.13615284177856229e-02
 5.60620248988917200e-02
 6.44215924499894933e-03
 2.99536118856658616e-02
 2.67253189036448346e-01
 2.62067868705924169e-02
 1.24511176866754308e-01
 1.73413134211568877e-02
 7.20555078727217260e-03
 6.46629997123128047e-02
 2.34996050077276820e-03
 8.88312127545663570e-03
 5.67742208325584460e-02
 1.04050462328469375e-07
 2.75919451942436139e-02
 1.54816283489644015e-02
 1.54897271319921037e-01
 3.55575342224849419e-02
 7.05195448464111252e-02
 2.06335096544903347e-02
 6.16188693197470549e-02
 7.97854564607062972e-02
 3.34716778391320677e-02
