 6.49431050988687024e-03
 6.96633154957437273e-02
 7.35706878414992081e-03
 1.06084935982098560e-07
 2.43736669370355902e-01
 2.17932337497423467e-02
 8.09753140453040032e-02
 1.98275511227476789e-02
 2.03727296689868664e-01
 6.73585259702925709e-02
 6.73001966211149005e-03
 2.93687889661973407e-02
 7.65847862285116195e-03
 6.98851894005529661e-02
 1.43760971727821063e-03
 1.43403297388007556e-02
 1.48111660567310510e-01
 2.75905351363721352e-02
 8.73756569793434912e-02
 3.26368963348463229e-02
 1.18817313268757233e-01
 5.29157562481588194e-03
 8.58985428082026797e-02
 7.98313296636360067e-03
 7.96065786761738919e-02
 1.03100753998258188e-01
 4.32654827594814648e-02
