-3.95279218800068796e+08
-3.95279231328735590e+08
-3.95279241335552812e+08
-3.95279245977832556e+08
-3.95279246080535710e+08
-3.95279246229313254e+08
-3.95279248114497721e+08
-3.95279249807982564e+08
-3.95279250608786464e+08
-3.95279252820544600e+08
-3.95279267628257215e+08
-3.95279271920298159e+08
-3.95279285333334565e+08
-3.95279312431916237e+08
-3.95279356148755670e+08
-3.95279950968252301e+08
-3.95280801796409845e+08
-3.95283071255471468e+08
-1.50478635648515177e+09
-2.85290224535379076e+09
