 6.49475833768374880e-03
 6.96455179961903009e-02
 7.34654226428260032e-03
 1.09931439322204978e-07
 2.43461307590642884e-01
 2.17882628148499298e-02
 8.09937593592801180e-02
 1.98424934731855039e-02
 2.02532900506556507e-01
 6.73284920600653869e-02
 6.69679188987154419e-03
 2.94196496566419483e-02
 7.68150011553340312e-03
 6.99595233144940792e-02
 1.44043382952240722e-03
 1.42924037870844484e-02
 1.46817638618497004e-01
 2.76505365688123721e-02
 8.65713769781811110e-02
 3.25697960190247382e-02
 1.13793989268316798e-01
 5.03844646531845328e-03
 8.20570464956172640e-02
 8.28077506900487363e-03
 7.95255947942951763e-02
 1.02999103289153668e-01
 4.32229713545141322e-02
