 6.49531437416884117e-03
 6.96660334645682888e-02
 7.35968101144416145e-03
 1.18284404492388907e-07
 2.43711565993250945e-01
 2.17970345551275202e-02
 8.10428852763198093e-02
 1.98301436582417751e-02
 2.03731672532912383e-01
 6.73634314996259531e-02
 6.72777475676691016e-03
 2.93638917728794718e-02
 7.65792312685483270e-03
 6.98808623215634306e-02
 1.43894286371120100e-03
 1.43332327934547164e-02
 1.48112508948460814e-01
 2.75948686554559029e-02
 8.73830482435059980e-02
 3.26295820905430078e-02
 1.18900938604700177e-01
 5.29340261515349238e-03
 8.58255461385594443e-02
 7.98708131322182179e-03
 7.95492721572353123e-02
 1.03028309695575096e-01
 4.32337712011022848e-02
