 6.32737697551156043e-03
 6.01063767085557171e-02
 8.02880858836898213e-03
 1.03621082309763249e-07
 9.13198767834946107e-02
 5.60414215023868761e-02
 6.44202415365225864e-03
 2.99545233789440396e-02
 2.67308123659957042e-01
 2.62046489061031618e-02
 1.24539653330376157e-01
 1.73429202002423379e-02
 7.20488308552131793e-03
 6.46569429247739053e-02
 2.35019211198362167e-03
 8.88300804832245841e-03
 5.67910955521130009e-02
 1.00150443206996058e-07
 2.75993649353639854e-02
 1.54795334719313744e-02
 1.54923765561807453e-01
 3.55633619045939847e-02
 7.05312309776500029e-02
 2.06266960962849140e-02
 6.16196272170675824e-02
 7.97843965872974265e-02
 3.34721491349273328e-02
