 6.32639490191683022e-03
 6.01040128808769877e-02
 8.03154166354917362e-03
 1.17174178876007110e-07
 9.14431615610294957e-02
 5.60762799305002876e-02
 6.44394159951994488e-03
 2.99477191082135955e-02
 2.67374361592434162e-01
 2.62132001487355611e-02
 1.24569990316471355e-01
 1.73340961542221145e-02
 7.20710584661866677e-03
 6.46707232757459116e-02
 2.35056526704149719e-03
 8.87749590498545724e-03
 5.67601290105969949e-02
 1.04684509582213013e-07
 2.75797993318325288e-02
 1.54842053619374358e-02
 1.54932468048791239e-01
 3.55627301588924485e-02
 7.05356555000130198e-02
 2.06257077699263172e-02
 6.16164997727336669e-02
 7.97826247632090757e-02
 3.34702320327717948e-02
