 6.32585590141858823e-03
 6.00972644610672374e-02
 8.03072619223535802e-03
 1.12055435204830774e-07
 9.14294500017981543e-02
 5.60798356681259033e-02
 6.44185012199139772e-03
 2.99506023606503947e-02
 2.67335214654991438e-01
 2.62027811173552658e-02
 1.24560245989539770e-01
 1.73433125372798799e-02
 7.20419078271778562e-03
 6.46557571001740716e-02
 2.35088620467527884e-03
 8.87985983115916269e-03
 5.68101376870973410e-02
 1.02986375355381888e-07
 2.76005250299158275e-02
 1.54814600149430163e-02
 1.54891804720603682e-01
 3.55747476759987954e-02
 7.05267444195875892e-02
 2.06166835722011166e-02
 6.16127502759626702e-02
 7.97769537426712971e-02
 3.34682027965771955e-02
