 6.32598866691104315e-03
 6.01004214457212735e-02
 8.03130231118842457e-03
 1.04300045803798895e-07
 9.14334541492707598e-02
 5.60743843703499292e-02
 6.44333022498775731e-03
 2.99468682615477225e-02
 2.67298836067519030e-01
 2.62013790936352908e-02
 1.24549515764487986e-01
 1.73465950195775889e-02
 7.20583637291330719e-03
 6.46638831246232892e-02
 2.35032496655193136e-03
 8.88181009303028526e-03
 5.67750545285625186e-02
 1.00865155719635000e-07
 2.75861490506533608e-02
 1.54806760859778469e-02
 1.54913690385337116e-01
 3.55630105737532801e-02
 7.05366547185858200e-02
 2.06272096518878602e-02
 6.16122010902477521e-02
 7.97756641340155725e-02
 3.34685951206052101e-02
