 6.32731473649524555e-03
 6.01059027220669784e-02
 8.02517638016573241e-03
 1.00792250339113386e-07
 9.12700174978882950e-02
 5.60522256912191347e-02
 6.43667767415908275e-03
 2.99608316668441010e-02
 2.67246010285880464e-01
 2.62125329780175560e-02
 1.24551729347870774e-01
 1.73375895552186875e-02
 7.20531988829583615e-03
 6.46595299105407889e-02
 2.35144845816215742e-03
 8.87507744146917577e-03
 5.67687062929038283e-02
 1.01925914286835930e-07
 2.75668846110345631e-02
 1.54882881577807965e-02
 1.54884132935193597e-01
 3.55627817718151135e-02
 7.05319812493968301e-02
 2.06264644491834237e-02
 6.16034510149570669e-02
 7.97652691690695359e-02
 3.34640008098099836e-02
