 6.33299912128654306e-03
 6.00684182941730802e-02
 7.98428264795152456e-03
 1.15920854691131182e-07
 9.01417261671685482e-02
 5.60019258821784355e-02
 6.38842643967707687e-03
 3.00615133061172546e-02
 2.67218434602460697e-01
 2.62125252385695777e-02
 1.24480416007523492e-01
 1.73352919429147247e-02
 7.19932754923171842e-03
 6.46439275916595585e-02
 2.34968450949471540e-03
 8.89781773138818149e-03
 5.71005544461129430e-02
 1.02131284136444568e-07
 2.77570789915106940e-02
 1.54653204847527911e-02
 1.55177964306139671e-01
 3.55734572017656625e-02
 7.06448219387699056e-02
 2.06207704881272158e-02
 6.16255502457532661e-02
 7.97947474162071929e-02
 3.34758985681765583e-02
