 6.49448139224789375e-03
 6.96646897021396955e-02
 7.35392161349750131e-03
 1.48642403479185750e-07
 2.43756365182570683e-01
 2.17971829719338650e-02
 8.09627651212972560e-02
 1.98221843176367221e-02
 2.03699156049548052e-01
 6.73619814351382462e-02
 6.73171108732113516e-03
 2.93665558751752404e-02
 7.65904338425433488e-03
 6.98872294721472470e-02
 1.43758547292423288e-03
 1.43353432218751940e-02
 1.48211397010390961e-01
 2.75898497483620976e-02
 8.74209855925947021e-02
 3.26371994552424466e-02
 1.18884321357947673e-01
 5.29521090996237353e-03
 8.59679455313231700e-02
 7.98134727894137669e-03
 7.96211973854241695e-02
 1.03121422237834603e-01
 4.32734371492698236e-02
