 6.49459908945702359e-03
 6.96671826323989885e-02
 7.35600957582768951e-03
 1.40948737744735454e-07
 2.43723025664870169e-01
 2.17884719236041864e-02
 8.09530515352668983e-02
 1.98323756430970680e-02
 2.03744827164681425e-01
 6.73624005621348138e-02
 6.73258010894576576e-03
 2.93651228517047558e-02
 7.65749803263477292e-03
 6.98810702744443735e-02
 1.43709088258459853e-03
 1.43449267076558324e-02
 1.48129738343541345e-01
 2.75975682595241793e-02
 8.73914986641018965e-02
 3.26311648620759009e-02
 1.18934171285810630e-01
 5.28802523505539270e-03
 8.60310351617904201e-02
 7.98116602255745031e-03
 7.96224396938638168e-02
 1.03121168211792610e-01
 4.32741759144348384e-02
