 6.49435676214741870e-03
 6.96653135662393397e-02
 7.35346824334003231e-03
 1.01469528359969405e-07
 2.43690474398100848e-01
 2.17918841891236587e-02
 8.09355589822905314e-02
 1.98280696615581800e-02
 2.03588745577571478e-01
 6.73610769653515268e-02
 6.72843143734545238e-03
 2.93727299652265829e-02
 7.65796915744464037e-03
 6.98810670670733242e-02
 1.43739674455811489e-03
 1.43408003009076485e-02
 1.48118135435621606e-01
 2.75890275362753526e-02
 8.73744580248103503e-02
 3.26409354554600337e-02
 1.18854713454574240e-01
 5.29692691073908178e-03
 8.59680565101233335e-02
 7.97616810203963765e-03
 7.96256027313678311e-02
 1.03127044869923953e-01
 4.32759541697380415e-02
