 6.32624023369349631e-03
 6.01028807862585418e-02
 8.02870422645501382e-03
 1.07500373272593340e-07
 9.14046427301335035e-02
 5.60700579486696354e-02
 6.44312206077052828e-03
 2.99501699428670609e-02
 2.67340230632506837e-01
 2.62107557232553919e-02
 1.24568187248482592e-01
 1.73376862054481981e-02
 7.20688351546174780e-03
 6.46689812727715418e-02
 2.35027159966647243e-03
 8.88152528941585535e-03
 5.67453361992390354e-02
 1.07751816384874703e-07
 2.75719171868227773e-02
 1.54829730597838746e-02
 1.54869219948750553e-01
 3.55658166199101303e-02
 7.05143475162656047e-02
 2.06249013006800548e-02
 6.16129395077806286e-02
 7.97772651850310183e-02
 3.34679947247977019e-02
