 6.32673610011001177e-03
 6.01015979616160920e-02
 8.02636190907428382e-03
 1.13916642238436967e-07
 9.13675994290309573e-02
 5.60796326750979124e-02
 6.44175527479092739e-03
 2.99500620750971260e-02
 2.67331873000349385e-01
 2.62065997982294345e-02
 1.24545943067765952e-01
 1.73404322983746265e-02
 7.20497987390261285e-03
 6.46590494128535670e-02
 2.35046591406255388e-03
 8.88217205850421777e-03
 5.68062998046856490e-02
 1.10350624485456650e-07
 2.76065578636775465e-02
 1.54791044468621745e-02
 1.54881900784307303e-01
 3.55717537379329624e-02
 7.05168137162256736e-02
 2.06200631335093920e-02
 6.16174939890543477e-02
 7.97840259925216844e-02
 3.34717065007671330e-02
