 6.31769779393481952e-03
 6.01212871056311937e-02
 8.07345755657972938e-03
 1.10031165155801325e-07
 9.27183941975305154e-02
 5.61641732809596908e-02
 6.49870941079673178e-03
 2.98429419901827496e-02
 2.67404945249771875e-01
 2.62016954463752949e-02
 1.24534620089593775e-01
 1.73383724662725530e-02
 7.20177005639469764e-03
 6.46503085527751625e-02
 2.34910175056117932e-03
 8.89878036384939182e-03
 5.70147227725687836e-02
 1.07021916871604238e-07
 2.77227425254057934e-02
 1.54646483886662633e-02
 1.55218684508740407e-01
 3.55570751922597642e-02
 7.06602270882450284e-02
 2.06365702618995679e-02
 6.16264887478304366e-02
 7.97966007567610242e-02
 3.34767531576014993e-02
