 6.49490934380947231e-03
 6.96702587633056120e-02
 7.35606721073414020e-03
 1.06513985460171052e-07
 2.43760654124805687e-01
 2.17959263144339790e-02
 8.09633589367329681e-02
 1.98242907672009777e-02
 2.03676122893035161e-01
 6.73423289978387768e-02
 6.73263661880933468e-03
 2.93699125672790308e-02
 7.65857898632452041e-03
 6.98843224410711783e-02
 1.43727686757771033e-03
 1.43431590329914180e-02
 1.48147843182420191e-01
 2.75876896591158473e-02
 8.73934171766530266e-02
 3.26411375397651152e-02
 1.18789392144969669e-01
 5.28453232367155634e-03
 8.59208243718697917e-02
 7.98736032614676301e-03
 7.96246055595421082e-02
 1.03123919149936918e-01
 4.32753332347484421e-02
