 6.32510533823232423e-03
 6.01215680076321660e-02
 8.03597386888978485e-03
 1.00139567873707073e-07
 9.16869571204639161e-02
 5.60808307233156417e-02
 6.46281468636297155e-03
 2.99212282305671255e-02
 2.67765305927661568e-01
 2.62100142325362474e-02
 1.24634351940269714e-01
 1.73283740911515764e-02
 7.21045859229219217e-03
 6.46764255314658670e-02
 2.34698121907592162e-03
 8.87666215304149832e-03
 5.64285905631834034e-02
 1.00173307535831568e-07
 2.74721351898553935e-02
 1.54898801119486007e-02
 1.54520331700233576e-01
 3.55734289633345344e-02
 7.02996467854964807e-02
 2.06143894596526635e-02
 6.16555966044563183e-02
 7.98324812876757689e-02
 3.34913185440089203e-02
