 6.33786461864424468e-03
 6.00648439504805967e-02
 7.97461208368672493e-03
 1.65972662309809730e-07
 8.96159457946708871e-02
 5.59167814320265799e-02
 6.36908758560742003e-03
 3.01010439911286384e-02
 2.66833172847853961e-01
 2.62197509875970527e-02
 1.24349074060161865e-01
 1.73358794266947891e-02
 7.20988734846785516e-03
 6.46746383197138869e-02
 2.34821804034682701e-03
 8.88686237438767249e-03
 5.65341584067730260e-02
 1.16313758651472337e-07
 2.74906714539237713e-02
 1.54821400422356283e-02
 1.54542082367091660e-01
 3.55755312461764270e-02
 7.03700073142501104e-02
 2.06180691494397585e-02
 6.16154109649504830e-02
 7.97814860962896694e-02
 3.34694019057082542e-02
