 6.33792512992341090e-03
 6.00255027863007065e-02
 7.93606507306900306e-03
 1.27529177231727737e-07
 8.88573328037533111e-02
 5.59064801020069807e-02
 6.33750871588980962e-03
 3.01644164134148955e-02
 2.65724314976854281e-01
 2.62310168879708663e-02
 1.23837579186705724e-01
 1.73290814750556715e-02
 7.21948835058520977e-03
 6.47077442400904590e-02
 2.34808892229092800e-03
 8.85871235015436333e-03
 5.61114131541494629e-02
 1.04947050020339514e-07
 2.72895637295249294e-02
 1.55081177933959029e-02
 1.54224802080899143e-01
 3.55746580973581444e-02
 7.02109461568556220e-02
 2.06149090119224568e-02
 6.16196577868012296e-02
 7.97845826757477977e-02
 3.34718524674440521e-02
