 6.49502868046952613e-03
 6.96666498813191815e-02
 7.35802828687985317e-03
 1.17884430770486497e-07
 2.43713546305720841e-01
 2.17922096063458380e-02
 8.10364829513269547e-02
 1.98335236173755210e-02
 2.03723192928484509e-01
 6.73648477337578377e-02
 6.72684216964354598e-03
 2.93684943096383932e-02
 7.65706660016084520e-03
 6.98787279257649940e-02
 1.43858344833469078e-03
 1.43339252028073325e-02
 1.48145665590382586e-01
 2.75914483854406908e-02
 8.74072865425151169e-02
 3.26352056329201126e-02
 1.18949148473063940e-01
 5.30214757886414163e-03
 8.58757479976251931e-02
 7.97898747192641970e-03
 7.95543010079777652e-02
 1.03032997676961655e-01
 4.32375564932187539e-02
