 6.49439661271845794e-03
 6.96617418526550708e-02
 7.35784294412043533e-03
 1.04437956004848851e-07
 2.43699073868779592e-01
 2.17849959753576815e-02
 8.10072926317256803e-02
 1.98397315427469335e-02
 2.03713484303888581e-01
 6.73572957825614854e-02
 6.72847604362036660e-03
 2.93699301096875462e-02
 7.65731366696439063e-03
 6.98801026565671335e-02
 1.43822110535763272e-03
 1.43370569167445006e-02
 1.48190227535236946e-01
 2.75812248840783571e-02
 8.74310446499942800e-02
 3.26463852365563439e-02
 1.19036256676522748e-01
 5.30241313506235080e-03
 8.59870370044027443e-02
 7.97492305268952643e-03
 7.95749378630345033e-02
 1.03060079996363782e-01
 4.32472264228150258e-02
