 9.14609111941541847e-02
 9.55928366449700604e-07
 1.92524481537659276e-01
 6.38296207265305754e-02
 2.23402806931184174e-02
 3.00028815258703806e-02
 8.27899936113566000e-05
 5.35449828674990080e-02
 2.60064693994547458e-01
 1.57629993866628820e-02
 9.06574036556685725e-02
 2.37087754080854869e-02
 5.54119982894870754e-03
 6.86580776510060803e-02
 5.63125705182376400e-04
 1.98851977731091048e-02
 1.42957012038727393e+00
 1.02868865118863912e-02
 2.72683718900084582e-01
 1.32540873723737466e-07
 2.20639537607691949e-01
 2.79399386129914398e-02
 8.15696316053983878e-02
 2.37065286701243945e-02
 7.21639697467158087e-02
 6.00627275660634841e-02
 1.04635364366912204e-01
