 9.55703977841814573e-02
 3.75153146165449313e-06
 1.90082262868517843e-01
 6.41796225784323215e-02
 2.14068639451907052e-02
 3.00482090034240971e-02
 8.32252802636816236e-05
 5.35146702811003655e-02
 2.60545745598088019e-01
 1.57450866451816253e-02
 9.03673249049151278e-02
 2.36714051210680787e-02
 5.51419140403266138e-03
 6.84357256283860682e-02
 5.07690803878916436e-04
 2.09942948072687485e-02
 1.01385720615114423e+02
 3.44089961698627483e-06
 2.13134749925173743e+01
 9.16791047391740319e-03
 2.28046289931126189e-01
 2.63473789442052950e-02
 8.46127884575579164e-02
 2.55954949296840067e-02
 7.24210956304354031e-02
 6.02728494170260837e-02
 1.05002541749026124e-01
