 9.12025163331609823e-02
 2.40959521886070914e-07
 1.96083220839048861e-01
 6.41367594019919135e-02
 2.26870878844721360e-02
 2.95869490821715070e-02
 8.32371554855377372e-05
 5.35225984056776696e-02
 2.60597238408546539e-01
 1.57423743923196281e-02
 9.03400282569642860e-02
 2.36694678119630242e-02
 5.51435470807584878e-03
 6.84351448562668663e-02
 5.07574059502288299e-04
 2.09890359919168330e-02
 9.86401584246896277e+02
 1.66370659051689437e-04
 2.07545921337924938e+02
 9.00643110588811475e-03
 2.28075024176618707e-01
 2.63471789886298054e-02
 8.45926667257908965e-02
 2.55915321326634394e-02
 7.24426234647435885e-02
 6.02916896580354689e-02
 1.05023215029476966e-01
