 1.72963273980849923e-02
 7.99471062894418355e-02
 3.95334889567421355e-01
 9.08561840727904399e-03
 2.66686905211141467e-01
 1.64787212194000034e-02
 8.95515999453377204e-02
 2.28730269285115292e-02
 3.15358323433383492e-01
 3.55291555324569272e-05
 7.96367705596896992e-05
 5.61737066546485683e-02
 6.66618122367393720e-03
 7.51587742481516635e-02
 4.08073844567638760e-04
 2.22541408778322083e-02
 1.67983515915043541e-01
 2.17792087878148355e-02
 7.15040791813335713e-02
 3.10807486767639418e-02
 5.35669291834174373e+02
 1.03583615172350169e-02
 1.06578025949934442e+02
 4.78187584114688974e-06
 7.45235838355042396e-02
 6.20251208987450953e-02
 1.08117066328170031e-01
