 1.80392399403322343e-02
 7.96414305438595121e-02
 4.11742232888693105e-01
 8.61778610199181484e-03
 2.66877436909810417e-01
 1.64981221083256614e-02
 8.96305108913344889e-02
 2.28548858975428648e-02
 3.05303243479932596e-01
 7.70900292473490666e-04
 7.70159572722754255e-05
 5.62760594893889007e-02
 6.66852509636156783e-03
 7.51715409397192003e-02
 4.08709440162701690e-04
 2.22418925589067847e-02
 1.67963115736281171e-01
 2.17830065592997182e-02
 7.14899755319205604e-02
 3.10755061607388451e-02
 3.54823009728172053e+02
 1.03050075142838583e-02
 7.05065203601587740e+01
 6.54853896485283957e-05
 7.45126301605812946e-02
 6.20143573413388521e-02
 1.08097031689531581e-01
