 1.02262241921532729e-01
 6.87898954577711757e-07
 2.58731099653636776e-01
 6.80593007246818732e-02
 2.53592342587474415e-02
 2.45407057842141410e-02
 8.33749197447875516e-05
 5.35117263411275870e-02
 2.59892598604730074e-01
 1.55759022332103494e-02
 8.99888143591812961e-02
 2.38247484357804566e-02
 5.51333816404836127e-03
 6.84355566635185680e-02
 5.05889574241337892e-04
 2.10058678942870551e-02
 9.91826636508828642e+02
 7.55481328287391533e-05
 2.09534801772936930e+02
 9.08058311338908776e-03
 2.28265431462176233e-01
 2.63479098137807954e-02
 8.45889982128677775e-02
 2.55908471025374402e-02
 7.25009223056312380e-02
 6.03414852143676003e-02
 1.05107142320167074e-01
