 7.15402502304158111e-02
 2.70626349473061479e-06
 2.79297173854248793e-01
 6.60130269535014469e-02
 3.65074929192776496e-02
 2.46548650805330019e-02
 8.36410303899400297e-05
 5.34926182387879326e-02
 2.60313391890964529e-01
 1.56402931235631419e-02
 9.00856464345981267e-02
 2.37579152573727005e-02
 5.51156649300413824e-03
 6.84202871825019820e-02
 5.06256830347238192e-04
 2.09918792242610140e-02
 1.78881049704200052e+02
 1.27761779946895831e-04
 3.78047049181560908e+01
 9.03589614229942384e-03
 2.28327636050391219e-01
 2.63381430626605031e-02
 8.45751714336851201e-02
 2.55944722775456358e-02
 7.25253380212511484e-02
 6.03603259967765496e-02
 1.05151668577211505e-01
