 5.08638381112866744e-01
 1.02183952321028976e-02
 2.04110285446667660e-03
 1.09180775658879459e-01
 2.33953609449238570e-01
 1.88403269166147226e-02
 1.22215151745184034e-01
 2.55154643915147319e-02
 7.16984511706335835e-03
 7.56080105760644355e-02
 3.47465595259780291e-05
 6.04478207164172096e-02
 3.16764404800754351e-01
 1.34288371150325186e-01
 1.06765197950509328e-07
 8.01805737260538609e-02
 1.42437470622864049e-01
 2.10246604152585156e-02
 7.26302024447616351e-02
 3.21716943030619859e-02
 5.02883921057371841e-03
 5.82898981934395072e-02
 7.49170580321460657e-05
 3.08194081437699642e-02
 5.56080096997031564e-02
 4.64049154748634035e-02
 8.07270788368133069e-02
