 9.03892273430885462e-02
 5.59711471745974733e-07
 1.95425245344323900e-01
 6.40780473064490042e-02
 2.27927749441465786e-02
 2.96244183026540125e-02
 8.32621938644993812e-05
 5.35173181711994100e-02
 2.60419874917843963e-01
 1.57389570095728785e-02
 9.02796358639712804e-02
 2.36731996243428507e-02
 5.51628209294777877e-03
 6.84510733916694897e-02
 5.07674250794203064e-04
 2.09861221432551433e-02
 6.49036838081243218e+02
 7.15484389211420903e-03
 1.36545390776974443e+02
 2.01989964939969149e-03
 2.28190874133539973e-01
 2.63525136845979592e-02
 8.46322386194935383e-02
 2.55855173516551272e-02
 7.24434902575588624e-02
 6.02918230347041437e-02
 1.05025859181926903e-01
