 3.97327320227532421e-01
 3.83750988342920224e-06
 5.48442416042545511e-02
 4.28449195555424475e-02
 2.62968139652829613e-01
 1.62395516710381708e-02
 8.86115811281287108e-02
 2.31473252549387783e-02
 8.48892857017247149e-03
 7.50254609578890203e-02
 4.62843504459833213e-05
 5.87253385613987558e-02
 6.66934113264390852e-03
 7.51792333795632817e-02
 4.11987793567492315e-04
 2.22022295233121301e-02
 1.67953683439942741e-01
 2.17949989315513286e-02
 7.15272177054668001e-02
 3.10568984505598597e-02
 2.68610175732481878e+02
 1.03861125834607305e-02
 5.28125223511001209e+01
 2.87849105369347987e-05
 7.43520589022434730e-02
 6.18825574951355761e-02
 1.07882766107275194e-01
