 2.70213238281179219e+04
 2.38524764445181936e+04
 2.45831165227401070e+04
 2.18860850250758231e+04
 2.14013478773962706e+04
 1.99102701908526942e+04
 2.21334154481757432e+04
 2.57635290411300957e+04
 1.94509916276363656e+04
 2.49104989952198230e+04
 1.78979606542987749e+04
 1.95730260631297715e+04
 1.67320768519910052e+04
 1.68873705667178147e+04
 1.81252756366091780e+04
 1.37688967411927879e+04
 1.69590598458116874e+04
 1.26559990026149899e+04
 1.62913102732272819e+04
 3.75507244933862239e+04
