 9.17230434100307773e-02
 1.06175508671585387e-06
 1.95324393320740586e-01
 6.41060584587502119e-02
 2.25201952506304780e-02
 2.96673347749054177e-02
 8.32124394767791485e-05
 5.35241757718261518e-02
 2.60570319163627773e-01
 1.57380421881164814e-02
 9.03502332963000143e-02
 2.36753523601680692e-02
 5.51572835175450846e-03
 6.84467249953713136e-02
 5.07659864789997790e-04
 2.09858271213538526e-02
 5.06345295596641790e+02
 6.81877818675578071e-04
 1.06473364725309338e+02
 8.49647168794985530e-03
 2.28097030874206325e-01
 2.63570896111733205e-02
 8.46118791526521696e-02
 2.55808244308916508e-02
 7.24330543967289797e-02
 6.02832036980633576e-02
 1.05014659538610222e-01
