 1.17581346982832853e-02
 7.94974090775651815e-02
 1.09001237056439479e-01
 3.46782116457437323e-07
 2.67049535069462107e-01
 1.62102956258130329e-02
 8.94065256987730955e-02
 2.31080448864734653e-02
 2.09101114596325466e-01
 1.48732085270999789e-02
 1.20434476902075196e-04
 5.27159901221662258e-02
 6.70144051996526997e-03
 7.53724843396993277e-02
 4.34406328198951930e-04
 2.14750038207797353e-02
 1.66433639996139332e-01
 2.18043599065170408e-02
 6.94966785417519134e-02
 3.08244307340353428e-02
 1.11866992420879274e+00
 1.13161832455162207e-02
 2.08079960560005300e-01
 2.13123091718310629e-07
 7.46538814098731268e-02
 6.21380346322596630e-02
 1.08297080521203806e-01
