 1.23712784126019954e-02
 7.94311833331503986e-02
 9.48891537778385336e-02
 3.25867861423031245e-07
 2.61510789333981863e-01
 1.58940313822986470e-02
 8.74470223883549030e-02
 2.33985749804951799e-02
 1.64946076990763968e-01
 1.53777490744315213e-02
 1.11731350468916019e-04
 5.30423336104114546e-02
 6.72798370482649739e-03
 7.55068342667314929e-02
 4.39891448608393414e-04
 2.12931029158595561e-02
 1.65026514712550060e-01
 2.19583697555813286e-02
 6.86302704636446714e-02
 3.06285457738678310e-02
 8.33183456021150959e-01
 1.15516443543755547e-02
 1.52854288284879569e-01
 1.13452790766920766e-07
 7.46925058421114840e-02
 6.21700503255588205e-02
 1.08365622185082694e-01
