 1.05225162894689722e-01
 2.99989132890561232e-07
 2.00037710431247268e-01
 6.51370229868655504e-02
 2.06136767811434876e-02
 2.93357045687777859e-02
 8.31997441721933238e-05
 5.35206531354476267e-02
 2.60529044701238388e-01
 1.57302411421118490e-02
 9.03158982894548268e-02
 2.36814382220611012e-02
 5.51258810678783521e-03
 6.84237875236063664e-02
 5.06906967134964129e-04
 2.09990051911612095e-02
 2.12852505159411116e+01
 2.08554518700912282e-04
 4.48285114114487726e+00
 8.96155572458186278e-03
 2.28234503572125907e-01
 2.63956389287702854e-02
 8.46479728091656530e-02
 2.55444063133048183e-02
 7.24506947335708668e-02
 6.02972269728847612e-02
 1.05037118912092234e-01
