 1.77711583379063093e-02
 7.95227526409638397e-02
 4.39524538159302702e-01
 8.55081357767060318e-03
 2.67682110646080718e-01
 1.66230839350619518e-02
 9.02298167556810499e-02
 2.27707364939036400e-02
 3.31449479492085697e-01
 7.68334112645118784e-04
 7.75664686680210407e-05
 5.62479991619765918e-02
 6.67452474424901857e-03
 7.52021824348425294e-02
 4.23752425077372394e-04
 2.18838948816986838e-02
 1.67553443585895107e-01
 2.16723075793300232e-02
 7.08454664024827790e-02
 3.10923216541429404e-02
 2.37255722027807714e+00
 1.08099312746396167e-02
 4.52150208554390864e-01
 1.46213539959444976e-07
 7.43264923180085857e-02
 6.18631028122215987e-02
 1.07836136825963519e-01
