 9.16662934330240015e-02
 1.29969100233929175e-06
 1.80169972429584380e-01
 6.34972076899007198e-02
 2.12998739488063533e-02
 3.08684702256083743e-02
 8.31635142962829186e-05
 5.35239649540575207e-02
 2.60439367236732333e-01
 1.57452344889326204e-02
 9.03403047808514353e-02
 2.36723299432382642e-02
 5.51620287381836705e-03
 6.84501167413265610e-02
 5.08328302307887981e-04
 2.09816632223011820e-02
 9.26880079545975605e+02
 2.21014959257677613e-05
 1.94661559062691282e+02
 9.15806486985608521e-03
 2.28068712335037921e-01
 2.63436117087387754e-02
 8.46251947936416254e-02
 2.55977170116463634e-02
 7.24143711690110187e-02
 6.02671129186971161e-02
 1.04985847250294348e-01
