 1.89992362272775848e-02
 7.94006219767948995e-02
 5.45808507100366880e-01
 8.92220416930476073e-03
 2.70632065920919485e-01
 1.68216707387753017e-02
 9.16108509635526896e-02
 2.26190127025681954e-02
 3.64964092921048811e-01
 1.73177747624046203e-07
 7.40520375362573480e-05
 5.65236394330728004e-02
 6.68184460084176191e-03
 7.52658574068290481e-02
 4.43283312801456982e-04
 2.14489498572367696e-02
 1.66732470590565174e-01
 2.17267597245898794e-02
 7.00154914727063177e-02
 3.09348269737688385e-02
 1.51086679321044381e+00
 1.12757529084577916e-02
 2.74528520438719115e-01
 1.35701632760658875e-07
 7.41099248299236651e-02
 6.16837675202865851e-02
 1.07527615237228466e-01
