 4.09988760997568313e-01
 5.10887598426674807e-07
 3.73610731656483508e-02
 4.71451484687443606e-02
 2.63817407128777437e-01
 1.63315754451264714e-02
 8.89836812520319875e-02
 2.30682429553192223e-02
 8.10076031385601261e-03
 7.62635376356602251e-02
 4.63119262195747829e-05
 5.87122400719839038e-02
 6.66634828310873253e-03
 7.51552485295241962e-02
 4.13673967945341373e-04
 2.21715337231967527e-02
 1.67970001966881083e-01
 2.17643174612138710e-02
 7.15141357825033880e-02
 3.10827992773483816e-02
 2.62224834200802697e+01
 1.02693500678890694e-02
 5.13325696521673347e+00
 1.78213587891640706e-04
 7.43119216652669001e-02
 6.18494801364753849e-02
 1.07849602094982899e-01
