 3.03810532242609188e+04
 2.35933294404288754e+04
 2.48067107860208489e+04
 2.13086830951431766e+04
 1.78619710377091542e+04
 2.04987263925829902e+04
 2.05295457933410071e+04
 1.70046728515559807e+04
 1.97880339144626632e+04
 2.12724577673971653e+04
 2.44975582131170668e+04
 1.81202955911196768e+04
 1.64990710260500200e+04
 1.78969833850357682e+04
 1.67119782719425857e+04
 2.73065961783607490e+04
 1.97054624095335603e+04
 3.11689876510305330e+04
 2.89711813112786040e+04
 9.45735256746411324e+00
