 1.50499608166255131e-02
 8.00035637366991736e-02
 3.41738231368574008e-01
 9.69122744155151948e-03
 2.66977586801830646e-01
 1.65140476476363755e-02
 9.00615327932199061e-02
 2.28844885561382445e-02
 3.51850482196366554e-01
 2.09689547208430183e-07
 8.89352472918370878e-05
 5.55756239661099327e-02
 6.69317427280589471e-03
 7.53229770904398355e-02
 4.35831066645762228e-04
 2.15597828982452590e-02
 1.66636035347901168e-01
 2.17565986320480964e-02
 6.99889394064014264e-02
 3.09209621254925050e-02
 1.34477923452046366e+00
 1.12065969015254004e-02
 2.48232017830512020e-01
 1.21930899964626623e-07
 7.42768469801643183e-02
 6.18221249230425859e-02
 1.07763223199394798e-01
