 7.78639625153142168e-02
 9.10589333841982162e-07
 1.81961338800955497e-01
 6.23552786035849391e-02
 2.44104918968716250e-02
 3.10443720526932289e-02
 8.33681809366296168e-05
 5.35053683108351816e-02
 2.60245346656388155e-01
 1.56998834043125361e-02
 9.01904013231768914e-02
 2.37077149105166807e-02
 5.51275862446536959e-03
 6.84270803855642068e-02
 5.06068589814299432e-04
 2.10144359444733413e-02
 2.98186092736092974e+01
 4.15909554935875686e-04
 6.28760348913991951e+00
 8.74108124269842510e-03
 2.28070519341595945e-01
 2.63842167813498583e-02
 8.45901430327289372e-02
 2.55620078398692344e-02
 7.24528343354396975e-02
 6.03006138050187490e-02
 1.05039477219877359e-01
