 5.61255509454402168e-01
 3.01868715225559037e-07
 5.24483894862770472e-01
 3.28709269278597491e-02
 2.65500335913998020e-01
 1.63958387863501441e-02
 8.94164245339283820e-02
 2.29863610960531241e-02
 1.45610365214843308e-02
 6.49444452732352018e-02
 4.62876840168715853e-05
 5.87591835563893647e-02
 6.67351650633545099e-03
 7.51968916893665379e-02
 4.15774941435025850e-04
 2.21044895572999230e-02
 1.67827929889762861e-01
 2.18044686477725444e-02
 7.13123269382642949e-02
 3.10224538019535367e-02
 3.46360171946878452e+01
 1.03967075672661505e-02
 6.76545020452652945e+00
 9.73928411591552741e-05
 7.43832510109531247e-02
 6.19085362552832391e-02
 1.07938968378534450e-01
