 1.71204285885716741e-02
 7.98069484323772615e-02
 4.48304714900018941e-01
 8.97943876350888216e-03
 2.68699323768272103e-01
 1.66801582485943817e-02
 9.02930366523789635e-02
 2.26862777179538296e-02
 3.59860777172347768e-01
 1.23793337903628440e-07
 8.00562249609490463e-05
 5.61711601364821358e-02
 6.67593342491119585e-03
 7.52072172696988811e-02
 4.09692521653544383e-04
 2.22205693935742590e-02
 1.68087097071513480e-01
 2.17738043018112608e-02
 7.15140444368004558e-02
 3.10764941516568707e-02
 2.68350656238758241e+01
 9.57137452795277233e-03
 5.31751673773467903e+00
 8.25960177816622795e-04
 7.44953495070792004e-02
 6.20022316854664940e-02
 1.08085759324168293e-01
