 8.53093036596373339e-02
 6.33160549928180639e-06
 1.50688228826728526e-01
 6.16711061237423183e-02
 1.99292603793726208e-02
 3.35874372219637160e-02
 8.31583326321813534e-05
 5.35186094638529647e-02
 2.60257084490755242e-01
 1.57823501373720067e-02
 9.03080783513166563e-02
 2.36368800826521550e-02
 5.51521511678340452e-03
 6.84420317554343266e-02
 5.09835303157623611e-04
 2.09561057149815246e-02
 9.97043172338982799e+02
 1.17174007905701874e-05
 2.08847267140070869e+02
 9.18750277654701610e-03
 2.27859734123129043e-01
 2.63641489014534956e-02
 8.45653506870323729e-02
 2.55730761274807379e-02
 7.23920397773487601e-02
 6.02501944888070573e-02
 1.04948752987726157e-01
