 1.44174500396712590e-01
 2.74261408368323967e-02
 2.24356199567497749e-01
 1.04498630489790437e-03
 2.65671921737827554e-01
 1.64886934044675762e-02
 8.93944380004278727e-02
 2.28824293410018927e-02
 1.98804135069350872e-02
 6.54915188849238133e-02
 4.66999597261789822e-05
 5.86745836587755851e-02
 6.66655043282776260e-03
 7.51598699779423840e-02
 4.10515007014490465e-04
 2.22249016888598216e-02
 1.67987918472140479e-01
 2.17938182445836445e-02
 7.15298612857991761e-02
 3.10618851399097999e-02
 5.95946602713558377e+02
 8.62454447493153468e-03
 1.17750962433080389e+02
 1.76438798553026793e-03
 7.44212068032154422e-02
 6.19390419820764204e-02
 1.07989535713603826e-01
