 1.87043089478078212e-02
 7.94507954936158750e-02
 4.79261429241037762e-01
 9.28586339484961318e-03
 2.68378073198685563e-01
 1.66230164627941338e-02
 9.02327257014357842e-02
 2.27430378086307325e-02
 3.32164807782463156e-01
 2.57175841769460643e-07
 7.50291545669656070e-05
 5.64109004800236180e-02
 6.67137327848850003e-03
 7.51809075649059327e-02
 4.11200526941611839e-04
 2.21766474297416007e-02
 1.67936242943713149e-01
 2.16856531147907282e-02
 7.13805408149828652e-02
 3.11544407107046985e-02
 4.40294840214881322e+00
 1.02659628325332299e-02
 8.66504279545590506e-01
 2.21408799098021943e-04
 7.44593810950289342e-02
 6.19696257499306458e-02
 1.08019705868321422e-01
