 9.09348303900510552e-02
 1.05511029321258709e-06
 1.95314956662072908e-01
 6.40746445669862497e-02
 2.26752625347056772e-02
 2.96581234603621666e-02
 8.32229244795592275e-05
 5.35239831938605706e-02
 2.60582810654467201e-01
 1.57388214845239731e-02
 9.03489910974793753e-02
 2.36750086894088052e-02
 5.51548769793883814e-03
 6.84430712542379999e-02
 5.07753778876902213e-04
 2.09878850557875044e-02
 6.36227636537146282e+02
 1.49913518020668201e-03
 1.33806357323914369e+02
 7.67455532194068289e-03
 2.28169434679120653e-01
 2.63393339234924730e-02
 8.46331926678726698e-02
 2.56000521567706016e-02
 7.24345586447864426e-02
 6.02864328163050384e-02
 1.05013944766419481e-01
