-1.57969330741290241e+08
-1.57969415264338106e+08
-1.58249952835629672e+08
-1.58276611637350887e+08
-1.58341745605761915e+08
-1.58413031430224776e+08
-1.58524800959236592e+08
-1.58533397302237242e+08
-1.58556229373726547e+08
-1.58669878690360636e+08
-1.58718536279024541e+08
-1.58719706868322611e+08
-1.58754490864465445e+08
-1.58756313039971679e+08
-1.59048508967314184e+08
-1.59098426600933284e+08
-1.59150315424473733e+08
-1.59236888695743114e+08
-1.73518394254946113e+08
-1.97659367177058816e+08
