 8.53183002138620944e-03
 8.31760044455376601e-02
 1.26287052202195688e-02
 1.03628499834739776e-07
 2.70276339808042609e-01
 1.58000446046794897e-02
 7.66699486356391818e-02
 2.24575000694940963e-02
 1.49033896782688496e-01
 2.43156986537036227e-02
 5.58072076984100361e-04
 4.06619125485430874e-02
 6.67033966784311063e-03
 7.51932764736617104e-02
 2.70521178952442187e-04
 2.43604666405306813e-02
 1.71506399945974358e-01
 2.17699693581306260e-02
 7.11541310213350958e-02
 3.12779258444471631e-02
 6.20830856286882295e+02
 7.80974287493518566e-03
 2.10477511893279683e+02
 5.03218009635411439e-04
 8.47100572058229334e-02
 7.04989274828977802e-02
 1.22907772775401186e-01
