 8.17896185371884410e-02
 1.77338054403471223e-06
 2.62054388605385324e-01
 6.68455365822321484e-02
 3.08482506417057691e-02
 2.46342901020907765e-02
 8.35317895599597141e-05
 5.35031636790901169e-02
 2.60104343225178058e-01
 1.56300440883739289e-02
 9.00171370139949550e-02
 2.37676764713799123e-02
 5.51576921662737946e-03
 6.84471297353659996e-02
 5.04620536747495195e-04
 2.10244275476473737e-02
 3.52666179151694905e+01
 2.94385320259024858e-03
 7.46783798392596854e+00
 6.19957463702551503e-03
 2.28288654208387010e-01
 2.63788515728811609e-02
 8.45751936420180428e-02
 2.55604542003270985e-02
 7.25240650601225861e-02
 6.03586698410475964e-02
 1.05149431980397598e-01
