 9.86808216550038447e-02
 1.05008388350218232e-06
 1.89014123656390948e-01
 6.42934925043086025e-02
 2.08061487708847692e-02
 3.01669168357600707e-02
 8.31729059465344885e-05
 5.35216431500150219e-02
 2.60576882893689576e-01
 1.57389331694193328e-02
 9.03848757175263057e-02
 2.36787654862469187e-02
 5.51438500987357690e-03
 6.84373897268232972e-02
 5.08235646837584799e-04
 2.09814678401521945e-02
 1.49501032500269361e+02
 4.73636066557484232e-06
 3.14055781413709454e+01
 9.17502425165486572e-03
 2.27972945351653494e-01
 2.63573911384634325e-02
 8.45861054700926401e-02
 2.55833161854151538e-02
 7.24170215702032161e-02
 6.02704732666460088e-02
 1.04989131192505761e-01
