 2.19626600736515104e-02
 3.21926828866899578e-02
 9.11544344163172232e-02
 3.84611767126643023e-02
 4.89411403709245699e-02
 2.46084672486750547e-02
 6.06080192158447490e-05
 5.54079022423043382e-02
 2.34244684978715367e-01
 1.73865689807617581e-02
 1.11195188909656087e-01
 2.55855387931165773e-02
 8.47207826488106355e-04
 1.01953255135256138e-07
 1.00000010669229209e-07
 1.01059839167162185e-01
 7.60732427257240426e-03
 6.53652761502590829e-02
 1.60897993746625856e-04
 2.24014791342912120e-02
 1.62442645226295312e-01
 2.49055531040592130e-02
 7.67965782278753617e-02
 2.58298282398221543e-02
 5.87236545331067464e-02
 4.89680515000540106e-02
 8.46002897967863404e-02
