 8.85911521982532812e-02
 1.59626318446744205e-06
 1.97460811492546601e-01
 6.40064601196355526e-02
 2.33262156224400483e-02
 2.95002418972231256e-02
 8.32860253892960683e-05
 5.35144648670123901e-02
 2.60433381548211884e-01
 1.57263397011060367e-02
 9.02894570072904495e-02
 2.36868176697802267e-02
 5.51619438308360681e-03
 6.84445086070853553e-02
 5.07361770350892678e-04
 2.09953181879225376e-02
 4.19157774889236407e+02
 1.02704671939119428e-04
 8.82161430919294531e+01
 9.06479229714007677e-03
 2.28154975579396041e-01
 2.63434134467202888e-02
 8.46261450930336084e-02
 2.55964638503347157e-02
 7.24396252362430604e-02
 6.02887864570837775e-02
 1.05024701067269424e-01
