 1.08845702522844569e-02
 8.02735664070903798e-02
 6.30946720726604238e-02
 1.72939601192475155e-07
 2.63893215020639726e-01
 1.58299321374801537e-02
 8.73680392880407247e-02
 2.33882717013943718e-02
 1.63265576412804758e-01
 1.67768477949110234e-02
 1.44810680276701010e-04
 5.11458900785431991e-02
 6.69189465599089820e-03
 7.53202127025039414e-02
 4.16282391039309518e-04
 2.17768222481160359e-02
 1.67440237837194167e-01
 2.17010274630648342e-02
 6.99680689824699747e-02
 3.09759800238282555e-02
 1.27942302966452970e+00
 1.09845998023811436e-02
 2.50524004980164638e-01
 1.18336904986091225e-07
 7.52428028288504025e-02
 6.26267436193925081e-02
 1.09169862110429353e-01
