 1.22365071520894222e-01
 2.84080042060069447e-02
 3.75629823711126098e+00
 4.65163572259005981e-02
 2.66041755711259598e-01
 1.64585926876034232e-02
 8.93967808046868539e-02
 2.28893545869770509e-02
 2.55182289099645965e-01
 1.27952010794173190e-02
 4.67497082336930080e-05
 5.86843803444966686e-02
 6.67510665779209606e-03
 7.52068684822590622e-02
 4.16289954600263445e-04
 2.20384921993277243e-02
 1.67736742365965003e-01
 2.16887649877822997e-02
 7.10730766191504659e-02
 3.11124174049662930e-02
 3.17242957052042307e+00
 1.06352111256211961e-02
 6.16977813282239329e-01
 1.16360296971000407e-07
 7.44689432671477997e-02
 6.19792945874116999e-02
 1.08059735343158075e-01
