 4.38654536141404525e-02
 9.01758194981528739e-03
 9.58646261509416009e-02
 7.77751618727549471e-02
 1.11178737171358667e-02
 2.65029782257246473e-02
 1.42353064931859166e-05
 6.05086716880351427e-02
 2.99319901546719114e-01
 1.54610018784924752e-02
 1.00053663720191380e-01
 2.81499945279566101e-02
 1.11722285610342687e-02
 9.06875169934969472e-02
 1.17570540943104807e-02
 9.80910527877814223e-08
 2.85475515863184391e-02
 1.15726126326371781e-07
 1.33359662501558219e-04
 3.61833998106264043e-02
 1.85065689172770442e-01
 1.66953341362455245e-02
 9.04376762589065575e-02
 2.72638989328927647e-02
 6.49008374147286432e-02
 8.38799242586910354e-02
 7.66386379535844708e-02
