 3.88679338707028874e-07
 3.61137304205574050e-01
 1.00001188229218210e-07
 4.26498561470150528e-02
 6.58351106811788482e-03
 7.78216909772812965e-02
 5.16255113284980446e-05
 5.69850564042995028e-02
 2.99632896791077130e-01
 2.62735373659916359e-02
 1.59024430137680833e-01
 1.83342886506692448e-02
 3.19196198941600340e+00
 2.47108316054483294e-02
 1.55038936400279199e-03
 4.47666669213229798e-02
 4.96284991634856655e-03
 6.25924052448569995e-02
 8.83399744941642460e-05
 2.96454229884245621e-02
 1.62389917255913008e-01
 2.70686136248147816e-02
 8.25739057706770807e-02
 2.59745467534215346e-02
 5.52472922881259015e-02
 4.61001107269451149e-02
 8.00384168174117783e-02
