 1.48541138771907083e-01
 4.35579069918603904e-06
 5.62193264290348424e-02
 6.24173874255095004e-02
 9.26086062241676840e-03
 4.90480534442445729e-02
 5.72928893779558164e-05
 5.59413193025660241e-02
 2.36862756456328566e-01
 1.79665377721405992e-02
 1.12677742532469580e-01
 2.50846633939467850e-02
 8.47005111705999877e-04
 1.01901540176934919e-07
 1.00000077701172362e-07
 1.01062275775600507e-01
 7.59997070351636252e-03
 6.53236400772013864e-02
 1.61057321700999810e-04
 2.23939857202417880e-02
 1.62383249689247139e-01
 2.49129751990113391e-02
 7.67446992924942922e-02
 2.58177890640171985e-02
 5.87371176286702948e-02
 4.89796649132669751e-02
 8.46204814570434422e-02
