 7.52510209769119160e-03
 8.22557519846312535e-02
 6.40283827154121549e-02
 2.02977326484957213e-02
 2.85421527078290660e-01
 1.76664084538747899e-02
 9.56541606323162708e-02
 2.17151446641925469e-02
 1.74082643146641214e+00
 1.28891833959749465e-07
 1.19090433619440913e-03
 4.16792159729843167e-02
 6.67193858762409747e-03
 7.51964046520130908e-02
 4.07954697180191214e-04
 2.22121823987737506e-02
 1.68468089840817042e-01
 2.17331199336232260e-02
 7.15179079144958180e-02
 3.11025444937837528e-02
 5.47203621733718109e+01
 9.54113289827774984e-03
 1.09345073061825282e+01
 8.50529682328990985e-04
 7.47133353646750736e-02
 6.21828823621423318e-02
 1.08351038943280922e-01
