 1.43534429869023995e+02
 8.76138395151637023e-03
 1.62323535787098176e-06
 1.94863643617526235e-02
 2.60516424180408157e-01
 2.05494292374739235e-02
 1.23349247630873543e-01
 2.27136579907238866e-02
 7.13524556520676954e-03
 8.19073633228544623e-02
 3.84246772955035122e-05
 5.98136858501770868e-02
 7.71991292598102731e-04
 1.01012431306645190e-07
 4.06302510989780349e-06
 4.99892202173027253e-02
 1.48915993318581186e-01
 2.31884730166828125e-02
 6.99169528557525427e-02
 2.76554654716470484e-02
 9.52727680999443556e-03
 7.55207037811223558e-02
 1.10143218079518086e-04
 2.58368541513173122e-02
 5.92442323208395780e-02
 4.94068622366821142e-02
 8.54221090415052536e-02
