 8.53163880045438271e-03
 8.31837465719663799e-02
 1.26024001519600415e-02
 1.22280920088983838e-07
 2.70345728162283194e-01
 1.58166699326793871e-02
 7.66779649550932974e-02
 2.24413935461878489e-02
 1.48975509694594860e-01
 2.43312199552274087e-02
 5.59509366294087102e-04
 4.06325838385222862e-02
 6.67396761047713439e-03
 7.52149377937304520e-02
 2.70378288517720341e-04
 2.43622867306603971e-02
 1.71394738248648620e-01
 2.18048117755617367e-02
 7.11068542052423480e-02
 3.12430520655688874e-02
 6.06504304523610358e+02
 8.28839341762993044e-03
 2.05737682660537786e+02
 2.40318206908603198e-05
 8.47240889536338276e-02
 7.05114633329097518e-02
 1.22919059077598619e-01
