 1.82118496476794157e-02
 9.21349705369408634e-02
 9.29301184698975135e+02
 9.72978212914238128e-05
 9.29880559458269317e+02
 5.14197611871368334e-04
 4.68962995939315678e-04
 5.26120140862688518e-02
 6.12127824262697345e+02
 7.97398247084312242e-03
 5.98483361990126426e+01
 2.17813687077635411e-02
 2.67393234197443923e-06
 3.25888238413715170e-01
 1.62007957385525284e-05
 4.08517670490788978e-02
 3.87349509111880740e-04
 1.01339814965506314e-07
 5.17243999109440899e-05
 4.44720081369987183e-02
 2.77938687286825793e-04
 1.17579179196729097e-01
 1.00000014795278566e-07
 9.04288874768411494e-02
 1.99999987954243980e-01
 1.66317905922294840e-01
 1.99999998932010259e-01
